6
2 2 2
3 4
2 2 2
1 2
2 2 1
4 2
2 2 1
3 2
85 42 29
123 54 82 163 161 90 104 187 108 106 188 107 100 127 176 172 159 158 177 126 156 77 68 137 105 54 182 122 128 131 181 217 126 47 115 141 196 165 106 165 141 102 40 121 109 117 77 126 66 56 178 166 143 85 130 130 109 147 47 80 100 175 127 107 159 93 165 163 226 142 150 92 119 226 149 218 71 107 139 147 164 153 191 136 195
100 51 37
167 202 90 97 232 151 86 205 111 104 148 207 151 100 168 108 68 162 122 87 63 201 51 207 125 90 243 164 91 172 92 86 190 169 201 68 135 252 141 115 69 132 90 245 127 138 197 135 145 250 196 199 107 207 190 218 239 134 122 134 148 129 54 194 197 96 124 223 242 79 70 112 111 196 143 96 167 145 130 112 144 152 162 57 78 77 152 44 144 171 133 90 191 123 164 127 181 41 187 180